36
33
9
11
8
4
52
61
374
377
38
40
57
57
8
61
58
373
86
62
36
53
52
68
12
47
45
46
63
379
75
82
93
377
6
51
375
42
47
422
66
84
91
94
105
99
111
122
132
148
156
149
172
164
377
185
197
197
205
46
41
46
54
68
76
79
79
85
122
122
127
132
384
158
164
385
172
195
183
36
33
54
368
78
418
95
106
103
377
124
128
123
137
146
379
378
378
44
44
54
69
70
66
88
93
98
374
111
373
140
151
164
383
180
46
57
72
71
75
92
97
107
377
419
117
371
141
381
149
157
52
55
70
73
91
103
114
132
379
126
143
145
375
149
53
57
369
86
84
100
105
121
131
147
377
153
149
56
66
60
384
376
376
114
131
138
140
206
83
100
100
99
99
119
153
136
145
153
419
81
89
112
122
111
129
129
155
153
171
110
118
115
376
147
163
159
156
177
380
177
383
176
197
200
386
215
214
382
164
182
183
206
210
214
247
158
173
184
195
202
206
238
176
384
178
197
206
387
222
177
187
194
201
207
216
166
175
191
193
195
381
190
207
210
224
380
197
218
211
229
386
201
207
421
216
217
236
240
207
210
222
379
239
236
234
391
228
221
242
230
237
227
220
221
215
235
385
246
396
230
395
228
418
232
239
227
229
248
235
249
237
120
37
71
71
416
79
88
88
100
119
113
125
133
418
161
161
180
418
194
195
202
219
210
224
231
229
396
262
254
246
261
414
274
284
393
417
297
309
400
260
410
273
416
282
406
295
382
301
314
243
240
383
397
254
404
416
249
261
263
395
244
384
417
255
387
258
249
252
244
255
390
252
254
262
256
276
421
385
282
296
286
292
413
309
319
401
325
341
6
12
16
316
336
341
338
329
329
385
402
412
292
302
324
315
402
320
288
414
417
324
351
397
402
319
330
337
386
395
304
418
316
319
322
324
329
344
349
340
14
234
338
349
345
12
399
405
335
332
345
9
284
303
298
309
412
330
298
415
313
311
328
291
294
308
312
306
400
331
348
335
333
347
278
259
386
283
293
390
284
401
301
406
323
415
326
420
296
302
304
412
397
332
337
349
9
242
253
272
396
288
293
295
279
400
288
289
260
415
273
416
274
276
271
274
270
272
270
282
291
3
6
4
5
6
7
9
9
6
9
6
6
4
9
5
6
9
7
9
8
9
11
2
7
7
5
11
1
6
8
5
5
4
6
5
2
6
1
7
6
6
3
7
8
5
7
4
3
8
7
5
6
6
10
10
8
7
9
3
4
5
6
10
8
8
5
3
1
8
7
4
5
6
8
7
4
3
6
6
7
3
6
8
5
11
3
6
5
6
3
2
3
5
5
4
7
1
4
6
7
8
4
9
7
4
6
6
4
8
9
4
5
9
7
7
6
4
0
3
8
5
2
11
8
2
7
7
2
8
3
6
4
7
6
4
5
10
7
3
7
3
7
4
2
7
7
2
8
7
6
5
9
1
9
11
8
6
4
5
7
1
7
2
6
9
6
2
8
6
4
2
6
7
6
7
5
9
9
8
10
7
5
3
4
4
5
1
5
8
2
3
1
4
5
8
3
6
4
5
1
4
8
6
6
7
1
5
6
12
6
3
1
1
5
5
7
5
5
4
4
2
7
6
9
6
6
4
9
6
6
5
7
10
8
4
9
7
4
4
7
5
9
4
6
1
5
2
3
5
1
8
6
6
6
5
4
9
3
5
7
8
4
4
10
4
8
7
3
9
8
6
5
3
4
7
5
5
2
4
6
6
6
2
2
6
6
7
8
2
8
8
5
5
1
6
3
3
4
5
6
7
10
6
5
5
8
8
3
7
8
7
0
9
5
9
3
3
0
3
5
7
3
8
9
7
7
4
4
10
3
5
8
3
7
8
7
5
5
2
4
4
6
2
2
6
3
3
6
5
5
6
8
1
11
6
5
9
8
3
1
0
8
3
5
6
7
2
7
3
2
9
2
5
8
6
5
6
10
5
3
6
5
5
6
5
7
2
5
5
4
2
3
7
3
9
6
7
6
5
7
6
5
2
8
5
5
6
4
6
5
7
10
5
5
4
3
6
5
8
6
6
3
7
3
9
6
4
2
0
7
1
4
5
6
4
3
4
9
9
7
5
1
5
6
7
6
7
7
5
6
5
4
6
7
3
8
6
5
5
6
3
4
9
4
6
2
3
4
4
3
9
8
6
2
8
6
3
5
8
5
8
5
4
3
5
5
6
7
6
9
1
4
2
6
4
8
6
6
4
7
3
5
3
5
6
6
8
8
6
8
6
5
4
8
5
5
8
6
8
7
8
9
2
6
6
4
10
0
5
7
4
4
4
6
5
2
6
1
7
6
6
2
6
7
5
6
4
3
7
6
5
5
5
9
9
7
6
8
2
3
5
5
9
7
7
4
2
1
8
7
3
6
5
8
7
4
2
5
6
6
3
5
7
4
10
3
5
5
6
3
2
3
4
5
3
6
0
4
5
6
7
3
9
7
4
5
5
4
7
8
4
5
9
6
7
6
4
0
2
7
5
2
11
7
2
7
7
2
7
3
5
4
6
6
4
4
9
6
3
6
3
7
4
2
7
6
2
8
6
6
4
8
1
8
10
8
5
4
5
7
1
7
2
6
9
6
2
9
7
5
2
6
7
6
7
5
9
8
7
10
7
5
3
4
4
5
1
5
8
2
3
1
4
5
8
3
6
4
5
1
4
8
5
7
7
1
5
7
11
6
3
1
1
5
5
7
5
5
4
4
2
7
7
9
7
5
5
9
6
6
4
6
10
8
4
9
6
4
4
7
5
9
4
6
1
5
2
4
5
1
8
6
6
6
4
4
9
3
5
7
8
5
4
10
4
8
7
3
8
7
6
5
2
3
7
6
5
2
4
5
6
6
2
2
6
6
7
9
2
9
8
5
5
1
7
3
4
3
4
5
6
9
5
5
5
7
8
3
7
7
6
0
8
5
8
3
3
0
3
5
9
3
8
9
7
7
4
4
10
3
5
8
3
8
8
7
4
5
2
4
4
6
2
2
6
3
4
6
5
5
5
7
1
10
6
5
8
8
3
1
0
8
3
6
6
7
2
7
3
2
9
2
5
8
7
4
6
9
5
3
6
5
5
6
5
7
2
5
5
4
2
3
7
3
9
6
7
6
5
7
6
5
2
7
5
5
6
4
6
5
6
8
5
4
4
3
6
5
7
6
6
3
7
3
8
6
4
2
0
7
1
4
5
6
4
3
4
8
8
6
4
1
5
6
6
5
7
7
5
6
4
4
6
7
3
8
5
5
4
5
2
3
9
3
6
2
3
4
4
3
9
8
6
2
8
5
3
5
8
4
7
5
4
3
4
5
6
6
5
8
1
4
2
6
4
7
5
5
4
6
