38
52
53
66
54
29
18
32
67
78
81
55
29
57
59
66
42
58
29
82
81
33
48
46
74
52
78
85
28
27
37
57
80
60
36
7
69
77
25
21
79
43
81
25
42
56
80
73
39
38
193
216
757
230
636
659
614
282
488
829
821
418
1005
465
69
913
550
977
104
963
844
852
673
859
682
862
841
735
700
701
111
101
698
109
697
693
719
863
111
716
125
138
865
878
715
125
710
137
138
859
728
734
759
748
343
753
368
370
785
751
179
130
353
600
757
191
837
222
223
208
152
53
359
758
764
675
668
298
665
87
351
829
1004
443
923
991
658
1006
968
141
579
359
202
698
874
224
778
803
377
807
436
844
820
447
431
673
985
72
557
80
85
902
954
702
688
659
145
701
728
976
142
870
128
142
139
887
726
153
732
733
152
164
155
160
586
366
22
751
163
185
973
944
378
176
864
175
133
141
28
182
868
763
989
643
776
285
294
985
748
223
35
270
288
357
994
403
829
54
137
158
358
192
908
62
212
758
852
1009
735
11
350
728
150
365
744
733
747
367
46
193
624
766
837
204
218
562
294
665
1000
325
846
435
581
468
113
264
686
570
864
72
424
401
64
303
794
357
970
811
866
495
564
339
71
849
421
437
466
86
685
421
415
892
453
87
80
411
579
456
480
877
699
109
451
867
88
576
691
83
975
716
843
870
965
88
94
858
681
626
639
852
982
860
587
670
612
109
674
850
972
118
699
853
858
702
689
164
728
734
168
736
749
766
154
728
180
734
867
738
180
158
583
11
738
216
211
217
874
205
755
227
241
234
244
252
768
217
799
814
857
235
854
237
235
232
769
244
251
236
251
774
250
856
773
370
371
982
939
807
951
593
384
398
402
405
820
411
390
401
438
420
961
889
807
880
874
435
436
449
954
255
265
279
893
777
871
769
293
292
295
307
864
796
275
859
288
769
301
319
785
321
869
911
921
961
786
307
11
782
789
308
326
332
793
793
864
917
330
334
338
906
810
338
814
357
336
439
347
453
350
881
796
578
534
864
363
561
899
355
952
977
882
894
453
981
456
453
869
452
461
469
456
891
916
893
493
491
492
891
489
960
974
956
889
485
906
473
954
481
901
919
910
906
897
905
900
906
954
919
493
478
906
971
916
890
489
918
496
975
916
976
922
530
514
514
922
917
526
516
513
499
915
535
541
522
525
921
933
537
543
955
534
593
552
541
790
617
590
592
808
824
546
934
949
575
585
911
787
587
592
166
16
12
14
6
8
14
13
12
9
8
14
11
8
12
7
10
15
11
13
11
13
10
13
18
8
17
7
14
6
18
12
17
12
12
11
18
11
5
7
15
17
12
18
10
3
4
8
16
13
17
7
13
15
13
21
15
3
13
17
13
9
11
12
14
3
8
5
11
15
9
11
12
11
14
8
11
6
9
17
17
15
11
12
12
19
13
9
10
12
15
10
10
18
19
20
11
19
3
9
12
10
4
11
12
7
17
16
12
9
18
14
18
10
13
14
21
11
13
19
19
11
14
11
15
5
13
12
8
13
16
6
15
4
14
7
8
13
18
13
16
8
9
17
8
9
15
16
12
11
17
21
8
15
14
10
17
10
11
11
11
20
19
17
16
8
15
14
18
18
18
6
9
8
16
18
13
13
14
10
20
9
11
12
13
19
9
13
16
14
10
5
15
17
11
15
14
9
17
15
15
17
18
14
7
16
7
22
13
11
9
17
5
9
9
16
12
14
5
5
13
10
7
10
12
21
4
11
12
14
12
13
15
12
13
14
16
7
16
16
16
3
15
13
13
10
6
8
6
15
17
12
13
15
10
15
9
13
8
8
11
14
6
14
17
6
12
17
9
13
15
18
3
17
16
16
10
12
6
13
19
13
11
19
6
14
11
19
9
14
22
20
14
18
12
12
15
10
15
15
6
12
12
15
14
19
22
14
6
10
11
14
10
16
17
13
9
14
13
15
9
18
14
15
9
11
11
5
13
17
12
11
9
12
14
15
14
11
13
3
6
12
12
11
13
6
16
10
14
10
13
5
8
12
18
14
21
16
13
17
18
16
14
14
15
8
12
13
10
15
19
12
16
10
17
15
19
11
14
6
9
10
10
11
8
10
12
11
12
14
14
16
14
17
16
18
16
8
10
17
19
15
12
11
17
2
17
11
13
13
7
18
6
13
11
21
14
12
6
9
12
13
6
16
14
12
12
12
18
10
18
18
16
10
15
8
11
9
6
13
12
19
16
18
11
11
6
11
10
18
12
8
18
18
13
12
7
17
10
8
13
13
11
21
16
14
13
14
20
16
13
4
10
17
20
11
13
8
18
12
15
17
9
18
16
14
5
17
14
13
18
10
15
15
12
15
13
10
9
13
15
15
11
14
6
7
13
14
12
9
8
13
10
8
11
7
9
14
11
13
11
14
10
13
19
8
17
7
14
6
18
12
17
12
13
11
19
12
5
7
16
18
14
19
10
3
4
9
17
14
17
6
13
16
13
21
16
4
14
18
14
9
12
12
15
3
8
5
12
17
10
12
12
11
15
9
11
6
9
16
15
13
9
11
10
17
12
8
9
11
13
9
9
17
18
18
9
17
2
8
11
9
4
10
11
7
16
15
11
9
18
13
18
9
13
13
20
11
12
17
18
10
13
10
14
5
13
11
8
13
15
6
14
4
13
7
9
12
17
12
16
8
8
16
8
8
14
15
11
11
17
20
7
14
13
9
17
9
10
10
11
20
18
16
15
8
14
12
16
16
17
5
9
7
15
17
13
13
13
10
18
8
10
11
11
17
8
11
15
12
9
4
13
15
10
13
13
8
15
14
14
16
17
13
7
15
7
21
13
11
9
16
5
7
9
15
10
12
5
4
12
9
7
9
12
20
4
11
12
14
12
12
14
11
13
13
15
7
15
15
14
3
13
11
12
9
6
7
5
13
14
10
11
13
9
14
9
11
8
7
10
12
5
13
15
5
11
15
7
11
13
16
3
14
14
15
9
11
5
11
16
11
9
16
4
11
10
16
7
12
18
17
13
16
10
10
13
9
13
13
5
11
10
12
11
17
18
12
5
9
9
12
9
14
15
11
8
12
11
13
8
15
12
13
8
9
9
5
11
14
11
9
8
10
12
13
13
10
11
3
5
11
10
10
11
5
14
9
12
9
11
4
7
10
16
12
18
14
11
14
16
15
14
13
14
7
10
12
9
13
17
10
14
9
15
13
17
10
15
6
9
9
9
10
8
9
11
10
10
12
12
14
13
15
14
16
14
6
8
15
16
13
11
10
16
2
16
10
11
11
6
17
5
11
9
18
12
11
5
8
10
12
5
14
12
11
12
11
16
9
16
16
14
8
14
8
9
8
5
12
11
17
13
16
11
10
6
11
10
18
11
8
17
16
11
10
6
16
9
7
11
12
9
19
15
12
12
13
19
12
11
3
8
15
18
10
12
7
16
10
13
15
8
16
14
12
4
15
12
11
16
9
14
13
11
14
11
8
8
11
13
