197
333
271
123
345
269
131
209
335
313
340
295
383
270
353
110
376
106
372
329
168
220
255
154
169
296
316
346
237
360
256
333
203
342
295
332
341
298
271
226
370
167
193
315
65
287
337
293
338
347
1269
3458
3516
2329
3356
1047
2103
2574
2111
3549
2976
3434
3429
3497
2797
3156
2595
3184
3453
1868
3162
3607
3373
3046
1149
431
1639
2690
976
3077
2150
3490
3244
1869
1920
3340
1103
2294
3260
1815
3364
2483
1874
2541
3531
2228
2591
3406
2752
2221
1350
3456
3172
2543
3190
200
1898
227
3307
3222
816
1499
3390
2787
2757
2140
1910
3169
2828
2943
2942
1254
407
2940
3432
2754
258
2537
2498
535
555
392
3286
2751
1859
2237
1066
3088
3033
775
2976
2160
3378
1800
2906
2056
1611
972
2774
2608
2199
1565
1047
997
2295
1660
986
3627
2613
3573
3581
2448
2149
2857
3374
2293
3448
2805
2782
1065
1939
3239
3183
2626
2824
2923
2959
2348
2007
813
353
1906
3572
3404
3136
3384
2067
883
1688
1475
1946
3589
2661
2322
3187
1641
3325
259
980
1181
2660
2390
3362
2908
286
2878
2231
1962
2260
344
2242
3281
792
2749
3137
1395
3429
3127
3359
3186
2930
3583
3565
1954
3306
3457
3159
1459
880
1544
1767
1682
2949
2710
2528
3031
1062
3137
2616
1700
1450
1063
3118
3185
2964
2798
2938
3183
3548
3486
1992
3393
3615
1933
3388
2734
2572
2865
3579
2835
2640
2724
1980
3570
1144
2643
3531
2945
2211
2560
3072
3286
2243
1623
1854
3134
3441
2727
481
2225
3192
2111
1117
2958
1960
2505
2815
1244
2620
1586
2667
437
2864
2580
3210
2901
3058
1496
2607
2336
2879
2654
2522
222
2229
3192
1271
2917
2398
1806
3601
2248
1989
3554
3162
1312
2227
3502
3054
2593
1832
1996
2371
1333
3219
2981
1861
3602
3452
2417
2702
1980
2952
2557
331
1918
2191
2412
3531
2185
2884
2678
2033
807
1982
1726
449
3135
1958
1419
3225
2971
3500
2546
3074
3609
3176
1456
654
3153
3059
3413
806
2712
2924
2872
2862
237
1502
2784
1761
224
3433
2585
1835
1494
3224
834
3231
1602
2474
627
1664
2620
2050
2643
3344
3419
2521
784
3218
3569
2442
1748
3398
2416
1083
3362
2993
3109
2526
3555
2460
3079
1731
1043
1892
3063
1074
3523
2258
1464
2856
2304
3441
688
3357
3239
2082
2021
3485
3572
1309
3379
1029
3457
1809
2447
3532
3390
738
3125
2941
1914
3124
3032
3488
1037
1409
1357
1336
3482
2536
2288
3194
2611
1637
2262
1364
2960
2007
1157
1984
3508
3484
3221
2723
2934
3354
3020
1052
2228
2902
3076
3261
2494
3113
2205
3176
1148
2053
3567
1578
3125
1628
2198
3307
647
2177
3410
3480
2339
2442
3509
2140
2475
3509
1029
1418
673
2502
2305
482
3321
3569
3107
2813
356
384
2435
3151
777
3486
3503
3332
3272
3621
3575
1133
3560
3498
2946
1964
2531
2160
3261
2257
2058
2757
3400
2521
3275
2921
3539
3481
2617
2773
3316
2779
2708
2358
3112
2585
1451
2052
1861
1045
3116
2322
3575
2823
3193
1839
3528
1504
2453
2490
3587
3505
1176
45
47
54
50
47
54
25
34
55
40
41
54
41
44
54
51
45
41
41
42
46
45
54
51
42
48
36
53
52
49
55
48
37
23
39
47
45
57
43
54
43
45
43
50
27
46
23
52
55
41
51
44
40
46
57
52
37
41
37
40
53
30
54
27
52
45
37
43
42
43
40
62
30
38
34
48
42
41
35
41
47
56
50
32
49
56
42
56
45
41
33
33
46
44
51
38
40
48
54
29
52
56
43
36
46
54
36
54
34
39
48
40
43
42
32
56
28
42
33
43
45
51
67
45
38
47
28
19
43
44
36
41
52
39
41
42
48
40
49
50
47
52
43
45
45
46
45
41
45
28
42
50
43
42
51
37
43
50
37
48
41
42
59
49
49
43
52
41
49
58
38
53
40
45
38
35
48
48
36
37
49
39
38
51
42
28
48
30
43
33
42
55
40
54
48
30
40
38
47
40
37
60
51
58
43
35
41
39
20
60
48
35
40
37
40
32
48
55
34
42
53
56
51
50
53
48
40
44
38
58
38
54
44
42
31
37
20
55
48
40
44
33
33
25
52
39
39
32
44
41
47
34
29
45
48
39
56
55
40
42
26
48
46
46
57
48
27
28
40
53
30
48
52
49
52
34
56
53
36
30
48
50
51
46
45
34
44
50
34
41
30
38
30
54
33
31
53
31
37
35
50
47
43
26
31
39
38
56
47
39
56
46
37
53
52
27
61
28
46
52
41
41
21
30
17
44
37
53
48
32
43
43
58
52
32
25
41
42
48
33
44
68
45
23
59
40
62
43
35
36
31
37
57
44
55
36
48
37
30
34
46
40
33
42
53
44
38
51
41
34
39
44
46
52
52
34
41
46
55
50
51
31
29
60
43
29
44
56
36
43
54
29
45
43
31
45
41
52
37
34
41
44
51
40
52
39
39
24
36
40
29
60
49
43
37
63
50
56
30
49
43
56
46
36
35
40
33
54
34
48
45
51
23
43
52
46
47
50
34
27
35
43
36
41
56
59
46
50
39
39
50
44
29
43
52
59
48
60
59
31
55
48
39
45
35
43
41
38
52
25
44
57
39
49
38
58
38
46
30
47
45
31
50
41
41
42
46
42
58
51
70
50
60
41
43
41
39
43
45
42
