138
101
52
58
106
94
108
122
159
157
139
171
33
137
131
156
122
20
59
106
137
161
143
138
100
165
95
98
53
154
33
148
107
129
142
95
105
73
47
162
130
144
83
111
27
175
158
33
134
135
864
98
921
128
1657
40
967
1551
873
1372
1736
942
1700
938
905
875
1706
1002
1345
1299
97
1345
675
1322
932
730
915
732
184
1516
1704
953
154
136
144
135
977
177
946
953
1697
971
1721
958
184
957
980
983
185
1591
199
194
190
1006
192
980
1726
981
980
910
938
1697
710
1718
697
938
1514
925
136
921
697
165
1657
34
1341
1507
1293
1262
641
1666
1274
644
1477
1258
1300
632
628
1278
1297
636
1285
1299
64
1384
863
1714
77
1572
866
81
905
119
1301
898
949
1715
1740
1715
1516
1569
1565
1711
1056
60
1582
872
1725
667
873
1505
661
83
712
907
716
935
103
1322
126
143
902
1002
70
828
1568
998
983
965
1025
206
231
981
1018
1006
1578
1019
226
1018
877
974
1692
1441
861
881
1743
1574
1757
889
873
1533
886
887
1599
912
163
913
1382
237
1620
987
1066
1075
1213
1630
1769
259
1602
1582
73
260
1042
1598
1028
1586
1107
276
991
1746
1279
220
247
240
1657
268
282
1006
256
1630
415
1117
395
392
1142
1462
398
1143
1443
1154
419
442
1462
1470
440
454
1134
1452
1158
1140
1403
445
1135
1684
474
1476
433
434
1470
1160
1504
465
488
1719
1199
496
1595
1044
1629
1684
1750
1643
521
736
1164
1663
1176
1199
1315
524
526
573
581
1481
562
1688
1402
577
1206
1205
583
1495
1272
1313
1290
631
651
1345
1288
1312
1402
1739
889
1385
755
1368
768
1360
1381
1392
1413
750
753
1708
1347
1370
1370
1510
1391
1692
1340
1388
782
776
1757
1396
1754
800
1503
793
803
805
783
1424
1398
781
795
819
1417
1416
838
1440
842
853
1538
832
1660
1665
847
1561
1556
1782
865
1541
818
1705
1543
874
297
193
1018
870
292
1097
1088
1092
1650
1745
1094
1473
1014
1236
1085
993
1393
1410
1475
336
1637
1097
1596
1059
1659
1664
1215
1057
1664
1259
1071
1108
1104
1253
1728
1728
1638
1034
1164
1233
1619
1109
1075
328
1743
1662
338
1243
1680
1668
372
1662
330
314
1269
1659
317
346
1632
1031
1054
1426
1567
1606
1666
338
381
1441
369
1201
1057
1093
1106
1752
1609
1755
1241
386
1725
1100
1737
1097
1581
1446
1057
1104
1644
1442
1468
1149
1416
1745
1146
414
1484
1464
1143
1152
434
1645
1747
1169
1168
1003
1159
1644
1449
477
1530
473
1057
1168
488
1721
1636
497
1456
1204
1161
1721
1449
495
1585
1140
1184
1171
1058
1080
532
1706
547
745
539
1404
1460
1210
1372
1464
1510
1270
1213
1241
1232
1513
1472
551
1697
571
1244
1605
613
1477
1485
1488
651
1246
593
1251
647
653
1314
1485
618
1506
1307
1264
854
837
1303
1318
1514
1308
1499
1582
26
21
30
11
26
22
25
23
20
21
17
23
15
22
25
20
20
27
25
20
22
19
31
17
27
29
18
22
21
26
13
25
23
13
19
38
20
24
25
27
17
20
25
10
14
18
24
22
29
14
11
19
21
16
18
23
14
27
21
16
17
25
14
27
19
25
30
21
23
35
33
26
10
11
26
19
34
16
28
29
17
21
26
32
28
21
24
18
23
35
21
25
23
24
16
15
20
26
31
26
19
29
18
31
23
20
12
26
23
27
30
20
19
27
17
24
19
24
31
38
20
24
29
10
25
20
31
14
21
30
15
22
21
12
32
25
12
24
25
21
19
18
35
27
17
19
28
25
16
28
20
11
14
27
18
23
25
24
24
27
20
13
21
32
14
17
21
31
34
25
10
14
22
19
28
20
29
27
23
30
19
18
30
19
39
19
23
30
26
17
15
30
22
17
19
19
31
25
21
28
21
18
32
21
18
17
25
29
23
18
24
23
32
17
26
24
23
15
20
16
23
25
22
24
24
28
12
20
29
30
26
24
19
17
22
21
21
15
17
30
27
14
21
19
21
17
19
7
14
13
30
18
29
16
23
32
26
17
14
23
24
22
23
31
26
19
28
16
32
18
18
27
34
22
26
18
23
24
25
22
14
22
32
32
17
26
18
31
16
18
16
12
15
22
21
20
22
19
18
19
32
25
22
21
19
23
37
8
32
19
9
25
22
17
23
25
19
19
20
23
26
22
23
16
19
5
24
24
28
23
26
15
25
19
33
22
20
15
30
19
20
22
19
13
28
24
21
15
22
24
13
9
20
19
26
19
18
20
23
36
13
19
9
23
17
11
26
23
19
22
23
27
22
33
12
35
32
24
12
27
15
21
37
15
24
26
23
20
17
23
12
23
28
23
22
24
28
31
25
8
16
17
11
29
19
23
19
14
16
24
20
16
23
16
13
17
16
33
20
31
29
19
15
24
24
19
32
26
20
20
21
22
15
27
21
23
11
21
19
26
21
13
7
17
30
13
20
32
24
24
26
23
27
20
24
30
27
19
25
27
32
23
27
17
19
20
24
26
18
17
18
22
23
19
16
14
24
14
33
24
19
31
16
23
32
11
24
22
20
18
21
25
18
20
25
16
20
26
19
16
25
19
28
10
24
20
22
22
19
19
16
22
14
21
23
19
19
25
22
18
20
17
29
15
25
26
17
20
20
25
13
23
22
12
17
35
18
22
23
24
16
19
23
10
13
16
22
20
27
13
10
17
19
15
16
20
12
25
19
15
15
22
13
24
17
23
28
19
19
30
28
23
9
10
24
17
31
15
26
26
16
19
24
30
26
20
22
17
22
34
20
23
21
22
15
14
18
24
29
24
18
27
17
29
22
19
11
23
21
25
28
20
19
25
15
22
17
21
28
35
19
22
27
9
23
18
28
13
19
26
13
20
20
11
30
23
11
22
23
19
18
17
32
25
16
18
26
24
15
26
19
10
13
25
17
21
23
22
23
25
19
11
20
29
13
16
19
29
31
24
10
13
20
17
26
18
27
25
21
28
18
18
29
17
36
18
21
27
24
16
13
27
20
15
18
18
28
24
19
26
19
17
30
20
18
17
24
27
21
17
22
24
32
17
26
24
23
15
19
15
21
23
22
24
25
28
12
20
29
28
25
22
18
16
20
19
19
14
16
26
24
13
19
17
20
18
20
8
15
14
29
17
29
16
22
30
24
16
13
21
23
21
21
30
25
18
26
15
29
17
17
25
32
20
25
17
22
22
23
20
13
20
29
29
16
26
19
30
15
17
15
12
15
21
19
18
20
18
16
19
30
23
20
19
17
22
33
7
29
17
8
23
19
15
21
22
17
17
19
21
24
20
21
15
17
5
22
21
26
21
24
14
23
17
29
20
18
14
28
17
18
20
17
12
25
21
19
14
20
22
12
8
18
17
23
17
16
18
21
34
12
17
8
21
16
10
24
21
17
20
21
24
20
30
11
32
29
21
11
25
13
19
34
13
22
24
20
18
16
20
10
21
25
21
20
22
25
27
23
7
14
16
10
26
17
21
17
13
14
22
18
14
21
15
12
15
15
30
18
28
26
18
13
22
22
17
29
23
18
18
19
20
14
25
19
22
10
19
17
24
19
12
6
15
27
12
18
29
22
21
23
20
24
18
22
27
24
17
23
24
29
21
25
15
17
18
22
21
16
15
16
20
21
17
15
13
22
13
30
22
17
28
14
21
29
10
22
20
18
16
19
23
16
18
23
15
18
24
17
14
